0.100000
0.108984
0.118775
0.129446
0.141076
0.153751
0.167564
0.182618
0.199025
0.216905
0.236392
0.257630
0.280776
0.306001
0.333493
0.363454
0.396108
0.431695
0.470479
0.512747
0.558813
0.609018
0.663733
0.723364
0.788352
0.859178
0.936368
1.020493
1.112176
1.212095
1.320991
1.439671
1.569013
1.709976
1.863603
2.031032
2.213502
2.412367
2.629097
2.865299
3.122722
3.403272
3.709027
4.042252
4.405413
4.801202
5.232549
5.702649
6.214984
6.773347
7.381875
8.045073
8.767855
9.555572
10.414058
11.349673
12.369344
13.480624
14.691743
16.011671
17.450184
19.017934
20.726533
22.588636
24.618032
26.829753
29.240177
31.867158
34.730151
37.850359
41.250891
44.956932
48.995930
53.397797
58.195134
63.423471
69.121529
75.331510
82.099404
89.475336
97.513932
106.274728
115.822607
126.228282
137.568817
149.928203
163.397975
178.077891
194.076672
211.512808
230.515432
251.225279
273.795730
298.393944
325.202097
354.418735
386.260238
420.962430
458.782318
500.000000
